$ANSIBLE_VAULT;1.1;AES256
61356431323866316565356436623263383230356366633534646434653936663961656230643932
6534326666366166373538663538323162323965626234350a653736643962393933393530613435
64376662373962656130386462363735393062366332313564383038333062393234343064323733
6364623039393233350a383533393134346234636266663238323138663934323435366433363234
39356333613631643164376365393233636362313465626439393530346461626465653735356561
33356632383531666166646338613134356333653930663837616364643363396465623961653039
65356238353031306664323534306136363836323334386139306334306339316363393636316437
33653336633936373866616134653635383463353333343533313938346461643365363730383161
31636232303837366138623131616634633535353137363331383335363033633861653433616137
32646536353834353430653337333133623133343835316531336263376563653562376266333636
30393733306262643066353139316530336563343662393164343430633063386561633338333464
62616361386435303833613835343061663431376662616264663031343431393234666366353662
33633136663632653534633332333565323963633439386362303461363139666232663863363031
38613737373264356532653433303035633037646138313133313136613831303037333238366638
37363336356261343166346164306533656133383161323138623034363763623335343766613139
37346337663931323239663533353765373966616335626234313238313330353932303031363930
37346630346533643839626163336535636666313564333962353662626435626662663835333737
31633763336232623035663034373533373861613532663434663937343862646461663037316264
38663231393433353835646634396166613537323133353330643833323631313963333162373461
36313433383163393832316632633838653666333038346335633836616339356165326163636238
32373431386439616234383637313034616362386135616534316662323134346133306130316333
66373132346633303161353063663864393636626134363739646539643533613233353539663461
33666361303661656338313731313863626263376138346338323866373461316631383633626166
33643139333338313831373665393763646534636563306661613064373665656164356630386462
65636239323139333332393163333733396439366538396533616163383732666535323230323438
61336165366265386530653365326237306430333137323238333237616433396337633639363834
38613835663861636139616538356532663863363935663734636235376334323264323266613765
36373939633364626461313061626337386666363430623836633464613034353363626662613933
37316635363965333663373766383364636163616539343131333734353563656237346631353662
38383763376132616134356162343139376332393061366165306366316236313535653031336330
35653666346439333463353530623232366538323265313739626236653132636438666138363833
33636338393032313634663736383731326263643131373136316536353736323766373534346232
64666530343266636439663231356235326439303663306365343038663762623264346262376662
37636362346661633239663064333463356139326563333238363963396263323733326238393037
39666233336534383164363430623363623865623631386664613039663636376638616634636162
35396338386663653634343938366231323536316432386436663336613236313130623236376234
61303438616534303661646337353537373634643461356562633534623062626238653437313630
33356232636439306532626661643631616366656131333764666565623732663034343033653431
386262366137653765363533396532383435
